test_loss: 16.165829102618105
test_ppl: 10488910.378951278
