test_loss: 12.122623418181412
test_ppl: 183987.5586332507
