test_loss: 5.903479028035608
test_ppl: 366.3096551545285
